tag     row    col       hae      |d| m      d_h m      d_v m      dline      dsamp
SCP    5704  11627     44.65    0.00000    0.00000   -0.00000   1.89e-04   1.88e-10
grid      0      0     44.65    0.00000    0.00000   -0.00000  -9.21e-07  -1.51e-09
grid      0   5813     44.65    0.00000    0.00000   -0.00000  -1.63e-06   0.00e+00
grid      0  11626     44.65    0.00000    0.00000   -0.00000   1.85e-04  -1.13e-09
grid      0  17440     44.65    0.00000    0.00000   -0.00000  -2.18e-06   1.89e-10
grid      0  23253     44.65    0.00000    0.00000   -0.00000   6.19e-06  -1.89e-10
grid   2852      0     44.65    0.00000    0.00000   -0.00000   2.63e-07   5.66e-10
grid   2852   5813     44.65    0.00000    0.00000   -0.00000  -6.40e-07  -5.66e-10
grid   2852  11626     44.65    0.00000    0.00000   -0.00000   1.86e-04  -1.13e-09
grid   2852  17440     44.65    0.00000    0.00000   -0.00000  -2.64e-06  -1.89e-10
grid   2852  23253     44.65    0.00000    0.00000   -0.00000   5.86e-06  -1.32e-09
grid   5704      0     44.65    0.00000    0.00000   -0.00000   1.32e-07  -3.77e-10
grid   5704   5813     44.65    0.00000    0.00000   -0.00000   8.73e-07   0.00e+00
grid   5704  11626     44.65    0.00000    0.00000   -0.00000   1.88e-04  -7.55e-10
grid   5704  17440     44.65    0.00000    0.00000   -0.00000   1.30e-06   1.88e-10
grid   5704  23253     44.65    0.00000    0.00000   -0.00000   5.86e-06  -1.32e-09
grid   8555      0     44.65    0.00000    0.00000   -0.00000   2.11e-06   3.77e-10
grid   8555   5813     44.65    0.00000    0.00000   -0.00000  -6.40e-07  -5.66e-10
grid   8555  11626     44.65    0.00000    0.00000   -0.00000   1.84e-04  -1.70e-09
grid   8555  17440     44.65    0.00000    0.00000   -0.00000  -1.85e-06  -1.51e-09
grid   8555  23253     44.65    0.00000    0.00000   -0.00000   2.70e-06   9.42e-10
grid  11407      0     44.65    0.00000    0.00000   -0.00000   1.84e-06  -1.89e-10
grid  11407   5813     44.65    0.00000    0.00000   -0.00000  -1.82e-06  -1.89e-10
grid  11407  11626     44.65    0.00000    0.00000   -0.00000   1.85e-04   1.89e-10
grid  11407  17440     44.65    0.00000    0.00000   -0.00000   1.57e-06  -5.66e-10
grid  11407  23253     44.65    0.00000    0.00000   -0.00000   3.23e-06   1.32e-09
SCP    5704  11627    544.65    0.00003    0.00002   -0.00002   1.91e-04   2.45e-09
grid      0      0    544.65    0.00003    0.00002   -0.00002   0.00e+00   3.77e-10
grid      0   5813    544.65    0.00003    0.00002   -0.00002  -2.09e-06  -1.13e-09
grid      0  11626    544.65    0.00003    0.00002   -0.00002   1.88e-04   0.00e+00
grid      0  17440    544.65    0.00003    0.00002   -0.00002  -1.07e-06   1.70e-09
grid      0  23253    544.65    0.00003    0.00002   -0.00002   2.11e-06  -9.43e-10
grid   2852      0    544.65    0.00003    0.00002   -0.00002  -3.29e-07  -2.83e-09
grid   2852   5813    544.65    0.00003    0.00002   -0.00002  -1.56e-06   7.54e-10
grid   2852  11626    544.65    0.00003    0.00002   -0.00002   1.86e-04   5.66e-10
grid   2852  17440    544.65    0.00003    0.00002   -0.00002   3.41e-06  -1.32e-09
grid   2852  23253    544.65    0.00003    0.00002   -0.00002   1.72e-06  -7.54e-10
grid   5704      0    544.65    0.00003    0.00002   -0.00002   1.65e-06  -2.45e-09
grid   5704   5813    544.65    0.00003    0.00002   -0.00002   6.10e-07   5.66e-10
grid   5704  11626    544.65    0.00003    0.00002   -0.00002   1.85e-04  -7.55e-10
grid   5704  17440    544.65    0.00003    0.00002   -0.00002  -3.10e-06  -2.64e-09
grid   5704  23253    544.65    0.00003    0.00002   -0.00002   5.34e-06  -2.45e-09
grid   8555      0    544.65    0.00003    0.00002   -0.00002   6.58e-07   3.77e-10
grid   8555   5813    544.65    0.00003    0.00002   -0.00002  -3.93e-06   9.42e-10
grid   8555  11626    544.65    0.00003    0.00002   -0.00002   1.85e-04   5.66e-10
grid   8555  17440    544.65    0.00003    0.00002   -0.00002   1.30e-06   3.77e-10
grid   8555  23253    544.65    0.00003    0.00002   -0.00002   2.57e-06  -9.42e-10
grid  11407      0    544.65    0.00003    0.00002   -0.00002   1.25e-06  -1.51e-09
grid  11407   5813    544.65    0.00003    0.00002   -0.00002  -1.30e-06  -1.89e-10
grid  11407  11626    544.65    0.00003    0.00002   -0.00002   1.84e-04   1.32e-09
grid  11407  17440    544.65    0.00003    0.00002   -0.00002   1.24e-06  -2.45e-09
grid  11407  23253    544.65    0.00003    0.00002   -0.00002   5.40e-06  -7.55e-10

isce3 0.26.0-dev+2919e1c97 vs sarkit 1.12.0: n=52  |d| max=0.00003 m  median=0.00002 m  (max = 0.0001 px at 0.6171875 m)
isce3 round trip: max|dline|=1.91e-04  max|dsample|=2.83e-09
isce3 SCP anchor: rdr2geo - SCP_ECF = 0.01937 m; geo2rdr(SCP_ECF) residual (lines, samples) = [-0.025003040300362045, -1.4661044588137884e-05]
sarkit SCP anchor: scene_to_image(SCP_ECF) xrow,ycol = [-9.0497171288281e-06, -0.019369916463638746] m
RESULT: PASS (tolerance 0.01 m)
