tag     row    col       hae      |d| m      d_h m      d_v m      dline      dsamp
SCP    3342  10244    371.37    0.00021    0.00020    0.00001  -1.29e-04  -7.54e-10
grid      0      0    371.37    0.01018    0.01018   -0.00001  -1.70e-06  -7.54e-10
grid      0   5122    371.37    0.00079    0.00079    0.00001   1.47e-06   5.66e-10
grid      0  10244    371.37    0.00055    0.00055    0.00001  -1.30e-04  -1.70e-09
grid      0  15366    371.37    0.00793    0.00793   -0.00000   1.72e-06   5.66e-10
grid      0  20488    371.37    0.02135    0.02135   -0.00003   2.89e-06   7.54e-10
grid   1671      0    371.37    0.00729    0.00729   -0.00000   4.36e-08  -1.51e-09
grid   1671   5122    371.37    0.00056    0.00056    0.00001   7.34e-07   2.26e-09
grid   1671  10244    371.37    0.00038    0.00038    0.00001  -1.25e-04  -1.13e-09
grid   1671  15366    371.37    0.00523    0.00523   -0.00000   2.77e-06   1.32e-09
grid   1671  20488    371.37    0.01354    0.01354   -0.00001   3.02e-06  -7.54e-10
grid   3342      0    371.37    0.00439    0.00439    0.00000   4.75e-06  -1.32e-09
grid   3342   5122    371.37    0.00032    0.00032    0.00001  -5.74e-07   1.13e-09
grid   3342  10244    371.37    0.00021    0.00020    0.00001  -1.29e-04  -7.54e-10
grid   3342  15366    371.37    0.00253    0.00253    0.00000   6.50e-08  -1.32e-09
grid   3342  20488    371.37    0.00571    0.00571   -0.00000   2.24e-06   1.89e-09
grid   5012      0    371.37    0.00150    0.00150    0.00001   2.66e-06   5.66e-10
grid   5012   5122    371.37    0.00008    0.00008    0.00001   2.04e-06  -1.32e-09
grid   5012  10244    371.37    0.00003    0.00003    0.00001  -1.26e-04  -4.15e-09
grid   5012  15366    371.37    0.00018    0.00018    0.00001   2.68e-06   1.88e-10
grid   5012  20488    371.37    0.00213    0.00213    0.00001   5.38e-06   0.00e+00
grid   6683      0    371.37    0.00139    0.00139    0.00001   1.53e-06  -2.07e-09
grid   6683   5122    371.37    0.00016    0.00016    0.00001   4.61e-06  -7.55e-10
grid   6683  10244    371.37    0.00016    0.00016    0.00001  -1.22e-04  -2.26e-09
grid   6683  15366    371.37    0.00290    0.00290    0.00001   2.90e-06  -9.43e-10
grid   6683  20488    371.37    0.00999    0.00999    0.00003   1.19e-06   3.77e-10
SCP    3342  10244    871.37    0.00049    0.00049   -0.00002  -1.27e-04  -1.13e-09
grid      0      0    871.37    0.01476    0.01476   -0.00005  -1.74e-07  -1.13e-09
grid      0   5122    871.37    0.00117    0.00117   -0.00002   1.23e-07  -5.66e-10
grid      0  10244    871.37    0.00082    0.00082   -0.00002  -1.26e-04  -2.07e-09
grid      0  15366    871.37    0.01220    0.01220   -0.00004   4.38e-06  -3.77e-10
grid      0  20488    871.37    0.03372    0.03372   -0.00008   4.90e-06   2.26e-09
grid   1671      0    871.37    0.01186    0.01186   -0.00004   2.70e-06   1.51e-09
grid   1671   5122    871.37    0.00093    0.00093   -0.00002  -5.74e-07   1.89e-09
grid   1671  10244    871.37    0.00066    0.00066   -0.00002  -1.28e-04  -3.77e-10
grid   1671  15366    871.37    0.00951    0.00951   -0.00004   3.70e-07   3.77e-10
grid   1671  20488    871.37    0.02591    0.02591   -0.00007   2.76e-06  -7.54e-10
grid   3342      0    871.37    0.00897    0.00897   -0.00004   4.62e-06  -7.54e-10
grid   3342   5122    871.37    0.00070    0.00070   -0.00002  -5.74e-07   9.43e-10
grid   3342  10244    871.37    0.00049    0.00049   -0.00002  -1.27e-04  -1.13e-09
grid   3342  15366    871.37    0.00682    0.00682   -0.00003   1.11e-06   3.77e-10
grid   3342  20488    871.37    0.01809    0.01809   -0.00005   4.11e-06   1.89e-09
grid   5012      0    871.37    0.00608    0.00608   -0.00003   2.31e-06  -1.32e-09
grid   5012   5122    871.37    0.00046    0.00046   -0.00002   1.56e-06   1.89e-09
grid   5012  10244    871.37    0.00031    0.00031   -0.00002  -1.26e-04  -1.70e-09
grid   5012  15366    871.37    0.00411    0.00411   -0.00003   4.57e-07  -9.43e-10
grid   5012  20488    871.37    0.01027    0.01027   -0.00004   4.50e-07   5.66e-10
grid   6683      0    871.37    0.00318    0.00318   -0.00003   2.14e-06  -1.32e-09
grid   6683   5122    871.37    0.00022    0.00022   -0.00002   6.03e-07   1.70e-09
grid   6683  10244    871.37    0.00014    0.00013   -0.00002  -1.26e-04   1.88e-10
grid   6683  15366    871.37    0.00140    0.00140   -0.00002   1.20e-06   3.77e-10
grid   6683  20488    871.37    0.00242    0.00242   -0.00003   4.64e-06  -1.89e-09

isce3 0.26.0-dev+2919e1c97 vs sarkit 1.12.0: n=52  |d| max=0.03372 m  median=0.00182 m  (max = 0.0546 px at 0.6171875 m)
isce3 round trip: max|dline|=1.30e-04  max|dsample|=4.15e-09
isce3 SCP anchor: rdr2geo - SCP_ECF = 0.00528 m; geo2rdr(SCP_ECF) residual (lines, samples) = [-0.004979535166057758, 0.00030182811269696685]
sarkit SCP anchor: scene_to_image(SCP_ECF) xrow,ycol = [0.00018628290403063276, -0.0050675313782196675] m
RESULT: FAIL (tolerance 0.01 m)
