tag     row    col       hae      |d| m      d_h m      d_v m      dline      dsamp
SCP    2415   9954    367.32    0.00001    0.00001    0.00001  -5.23e-05  -1.32e-09
grid      0      0    367.32    0.00001    0.00001    0.00001   2.97e-06  -2.64e-09
grid      0   4977    367.32    0.00001    0.00001    0.00001   5.81e-06   1.89e-09
grid      0   9954    367.32    0.00001    0.00001    0.00001  -5.34e-05   0.00e+00
grid      0  14932    367.32    0.00001    0.00001    0.00001   1.29e-06   3.02e-09
grid      0  19909    367.32    0.00001    0.00001    0.00001   3.77e-06   1.13e-09
grid   1208      0    367.32    0.00001    0.00001    0.00001   1.35e-06   3.77e-10
grid   1208   4977    367.32    0.00001    0.00001    0.00001   6.35e-06   2.83e-09
grid   1208   9954    367.32    0.00001    0.00001    0.00001  -5.15e-05   9.43e-10
grid   1208  14932    367.32    0.00001    0.00001    0.00001   6.59e-07   1.70e-09
grid   1208  19909    367.32    0.00001    0.00001    0.00001   2.69e-06   2.45e-09
grid   2416      0    367.32    0.00001    0.00001    0.00001   1.26e-06  -2.64e-09
grid   2416   4977    367.32    0.00001    0.00001    0.00001   3.84e-06   1.51e-09
grid   2416   9954    367.32    0.00001    0.00001    0.00001  -5.49e-05   1.89e-10
grid   2416  14932    367.32    0.00001    0.00001    0.00001   2.10e-06  -1.70e-09
grid   2416  19909    367.32    0.00001    0.00001    0.00001   0.00e+00  -7.54e-10
grid   3623      0    367.32    0.00001    0.00001    0.00001   3.33e-06  -9.43e-10
grid   3623   4977    367.32    0.00001    0.00001    0.00001   2.04e-06   4.90e-09
grid   3623   9954    367.32    0.00001    0.00001    0.00001  -5.26e-05   3.77e-10
grid   3623  14932    367.32    0.00001    0.00001    0.00001  -1.67e-06   3.77e-09
grid   3623  19909    367.32    0.00001    0.00001    0.00001   1.88e-06  -1.89e-10
grid   4831      0    367.32    0.00001    0.00001    0.00001   2.16e-06  -1.70e-09
grid   4831   4977    367.32    0.00001    0.00001    0.00001   6.44e-06   5.66e-10
grid   4831   9954    367.32    0.00001    0.00001    0.00001  -5.56e-05   2.07e-09
grid   4831  14932    367.32    0.00001    0.00001    0.00001   2.11e-07   4.34e-09
grid   4831  19909    367.32    0.00001    0.00001    0.00001   2.33e-06   2.26e-09
SCP    2415   9954    867.32    0.00004    0.00003   -0.00002  -5.41e-05   1.13e-09
grid      0      0    867.32    0.00004    0.00003   -0.00002   3.06e-06   1.13e-09
grid      0   4977    867.32    0.00004    0.00003   -0.00002   3.84e-06   1.13e-09
grid      0   9954    867.32    0.00004    0.00003   -0.00002  -5.18e-05   1.51e-09
grid      0  14932    867.32    0.00004    0.00003   -0.00002   1.02e-06   3.77e-10
grid      0  19909    867.32    0.00004    0.00003   -0.00002   2.87e-06   2.45e-09
grid   1208      0    867.32    0.00004    0.00003   -0.00002   3.60e-06  -3.77e-10
grid   1208   4977    867.32    0.00004    0.00003   -0.00002   3.21e-06   1.13e-09
grid   1208   9954    867.32    0.00004    0.00003   -0.00002  -5.62e-05  -9.43e-10
grid   1208  14932    867.32    0.00004    0.00003   -0.00002  -1.05e-06   2.64e-09
grid   1208  19909    867.32    0.00004    0.00003   -0.00002   1.26e-06   7.54e-10
grid   2416      0    867.32    0.00004    0.00003   -0.00002   3.33e-06  -1.13e-09
grid   2416   4977    867.32    0.00004    0.00003   -0.00002   2.40e-06   3.21e-09
grid   2416   9954    867.32    0.00004    0.00003   -0.00002  -5.34e-05   0.00e+00
grid   2416  14932    867.32    0.00004    0.00003   -0.00002  -5.07e-07   3.77e-10
grid   2416  19909    867.32    0.00004    0.00003   -0.00002   4.13e-06   1.89e-10
grid   3623      0    867.32    0.00004    0.00003   -0.00002   9.95e-07  -5.28e-09
grid   3623   4977    867.32    0.00004    0.00003   -0.00002   7.34e-06   7.54e-10
grid   3623   9954    867.32    0.00004    0.00003   -0.00002  -5.82e-05   2.08e-09
grid   3623  14932    867.32    0.00004    0.00003   -0.00002  -5.97e-07   1.89e-09
grid   3623  19909    867.32    0.00004    0.00003   -0.00002   6.28e-07   1.89e-10
grid   4831      0    867.32    0.00004    0.00003   -0.00002   2.70e-06  -1.88e-10
grid   4831   4977    867.32    0.00004    0.00003   -0.00002   2.22e-06   2.83e-09
grid   4831   9954    867.32    0.00004    0.00003   -0.00002  -5.63e-05   0.00e+00
grid   4831  14932    867.32    0.00004    0.00003   -0.00002  -2.03e-06   1.89e-09
grid   4831  19909    867.32    0.00004    0.00003   -0.00002   8.08e-07   1.70e-09

isce3 0.26.0-dev+2919e1c97 vs sarkit 1.12.0: n=52  |d| max=0.00004 m  median=0.00003 m  (max = 0.0001 px at 0.6171875 m)
isce3 round trip: max|dline|=5.82e-05  max|dsample|=5.28e-09
isce3 SCP anchor: rdr2geo - SCP_ECF = 0.01218 m; geo2rdr(SCP_ECF) residual (lines, samples) = [0.011238964376389049, 2.5875394840113586e-05]
sarkit SCP anchor: scene_to_image(SCP_ECF) xrow,ycol = [1.5969844154080004e-05, -0.01217234416250026] m
RESULT: PASS (tolerance 0.01 m)
