tag     row    col       hae      |d| m      d_h m      d_v m      dline      dsamp
SCP    3341  10135    370.25    0.00001    0.00001    0.00001  -1.28e-04  -1.51e-09
grid      0      0    370.25    0.00001    0.00001    0.00001  -4.98e-06  -9.43e-10
grid      0   5067    370.25    0.00001    0.00001    0.00001  -2.31e-06   0.00e+00
grid      0  10134    370.25    0.00001    0.00001    0.00001  -1.34e-04  -9.43e-10
grid      0  15202    370.25    0.00001    0.00001    0.00001   1.07e-06   1.89e-10
grid      0  20269    370.25    0.00001    0.00001    0.00001   2.00e-06  -9.43e-10
grid   1670      0    370.25    0.00001    0.00001    0.00001  -4.59e-06  -2.45e-09
grid   1670   5067    370.25    0.00001    0.00001    0.00001   1.11e-06  -9.43e-10
grid   1670  10134    370.25    0.00001    0.00001    0.00001  -1.36e-04   7.54e-10
grid   1670  15202    370.25    0.00001    0.00001    0.00001   2.11e-06   1.13e-09
grid   1670  20269    370.25    0.00001    0.00001    0.00001   6.63e-07   1.13e-09
grid   3341      0    370.25    0.00001    0.00001    0.00001  -3.59e-06  -9.43e-10
grid   3341   5067    370.25    0.00001    0.00001    0.00001  -2.32e-07  -7.54e-10
grid   3341  10134    370.25    0.00001    0.00001    0.00001  -1.32e-04   0.00e+00
grid   3341  15202    370.25    0.00001    0.00001    0.00001   3.54e-06   1.13e-09
grid   3341  20269    370.25    0.00001    0.00001    0.00001   1.05e-06  -2.26e-09
grid   5012      0    370.25    0.00001    0.00001    0.00001  -4.46e-06  -1.89e-09
grid   5012   5067    370.25    0.00001    0.00001    0.00001  -2.35e-06   5.66e-10
grid   5012  10134    370.25    0.00001    0.00001    0.00001  -1.33e-04  -9.43e-10
grid   5012  15202    370.25    0.00001    0.00001    0.00001   2.84e-06   1.32e-09
grid   5012  20269    370.25    0.00001    0.00001    0.00001   1.23e-06  -1.70e-09
grid   6682      0    370.25    0.00001    0.00001    0.00001  -6.45e-06  -2.07e-09
grid   6682   5067    370.25    0.00001    0.00001    0.00001   1.57e-07  -2.83e-09
grid   6682  10134    370.25    0.00001    0.00001    0.00001  -1.37e-04   2.45e-09
grid   6682  15202    370.25    0.00001    0.00001    0.00001   3.84e-06   1.70e-09
grid   6682  20269    370.25    0.00001    0.00001    0.00001   8.36e-07   0.00e+00
SCP    3341  10135    870.25    0.00001    0.00001    0.00001  -1.28e-04  -1.89e-10
grid      0      0    870.25    0.00001    0.00001    0.00001  -2.55e-06  -1.89e-10
grid      0   5067    870.25    0.00001    0.00001    0.00001  -3.62e-07  -1.32e-09
grid      0  10134    870.25    0.00001    0.00001    0.00001  -1.34e-04  -1.32e-09
grid      0  15202    870.25    0.00001    0.00001    0.00001   2.15e-06   4.15e-09
grid      0  20269    870.25    0.00001    0.00001    0.00001  -2.11e-06   5.66e-10
grid   1670      0    870.25    0.00001    0.00001    0.00001  -4.29e-06  -5.66e-10
grid   1670   5067    870.25    0.00001    0.00001    0.00001  -2.31e-06  -3.77e-10
grid   1670  10134    870.25    0.00001    0.00001    0.00001  -1.37e-04   1.89e-10
grid   1670  15202    870.25    0.00001    0.00001    0.00001   4.27e-06   0.00e+00
grid   1670  20269    870.25    0.00001    0.00001    0.00001   1.44e-06  -3.77e-10
grid   3341      0    870.25    0.00001    0.00001    0.00001  -5.15e-06  -1.13e-09
grid   3341   5067    870.25    0.00001    0.00001    0.00001   5.90e-07  -1.32e-09
grid   3341  10134    870.25    0.00001    0.00001    0.00001  -1.33e-04   2.26e-09
grid   3341  15202    870.25    0.00001    0.00001    0.00001   1.80e-06   2.08e-09
grid   3341  20269    870.25    0.00001    0.00001    0.00001   3.69e-06   9.43e-10
grid   5012      0    870.25    0.00001    0.00001    0.00001  -6.58e-06   0.00e+00
grid   5012   5067    870.25    0.00001    0.00001    0.00001  -1.92e-06  -3.77e-10
grid   5012  10134    870.25    0.00001    0.00001    0.00001  -1.38e-04   1.88e-10
grid   5012  15202    870.25    0.00001    0.00001    0.00001   3.58e-06   0.00e+00
grid   5012  20269    870.25    0.00001    0.00001    0.00001   9.22e-07  -5.66e-10
grid   6682      0    870.25    0.00001    0.00001    0.00001  -3.25e-06  -1.32e-09
grid   6682   5067    870.25    0.00001    0.00001    0.00001  -1.62e-06   2.45e-09
grid   6682  10134    870.25    0.00001    0.00001    0.00001  -1.32e-04   0.00e+00
grid   6682  15202    870.25    0.00001    0.00001    0.00001   2.93e-06   3.58e-09
grid   6682  20269    870.25    0.00001    0.00001    0.00001   1.44e-06  -5.66e-10

isce3 0.26.0-dev+2919e1c97 vs sarkit 1.12.0: n=52  |d| max=0.00001 m  median=0.00001 m  (max = 0.0000 px at 0.6171875 m)
isce3 round trip: max|dline|=1.38e-04  max|dsample|=4.15e-09
isce3 SCP anchor: rdr2geo - SCP_ECF = 0.00571 m; geo2rdr(SCP_ECF) residual (lines, samples) = [-0.005343419927157811, -0.00018631336797625409]
sarkit SCP anchor: scene_to_image(SCP_ECF) xrow,ycol = [-0.0001149903938536664, -0.005705265854199188] m
RESULT: PASS (tolerance 0.01 m)
