tag     row    col       hae      |d| m      d_h m      d_v m      dline      dsamp
SCP    2416   9967    367.76    0.00009    0.00009    0.00001  -4.67e-05  -3.77e-10
grid      0      0    367.76    0.00022    0.00022    0.00001   7.99e-07   1.70e-09
grid      0   4984    367.76    0.00019    0.00019    0.00001  -6.36e-07   2.26e-09
grid      0   9968    367.76    0.00007    0.00007    0.00001  -4.59e-05   5.66e-10
grid      0  14951    367.76    0.00064    0.00064    0.00002  -5.39e-07  -3.21e-09
grid      0  19935    367.76    0.00157    0.00157    0.00002  -2.65e-06  -1.89e-10
grid   1208      0    367.76    0.00024    0.00024    0.00001   7.54e-07   1.70e-09
grid   1208   4984    367.76    0.00021    0.00021    0.00001   9.79e-07   6.04e-09
grid   1208   9968    367.76    0.00008    0.00008    0.00001  -4.61e-05   1.51e-09
grid   1208  14951    367.76    0.00069    0.00069    0.00002   1.34e-07  -2.83e-09
grid   1208  19935    367.76    0.00169    0.00169    0.00002   4.04e-06   5.09e-09
grid   2416      0    367.76    0.00026    0.00026    0.00001   2.16e-07   3.21e-09
grid   2416   4984    367.76    0.00023    0.00023    0.00001   6.65e-07   3.40e-09
grid   2416   9968    367.76    0.00009    0.00009    0.00001  -4.63e-05  -1.89e-10
grid   2416  14951    367.76    0.00075    0.00075    0.00002   3.14e-06  -2.08e-09
grid   2416  19935    367.76    0.00181    0.00181    0.00002   2.24e-07  -5.66e-10
grid   3625      0    367.76    0.00028    0.00028    0.00001  -8.16e-07  -3.77e-10
grid   3625   4984    367.76    0.00025    0.00025    0.00001   1.74e-06   7.54e-10
grid   3625   9968    367.76    0.00009    0.00009    0.00001  -4.74e-05   3.77e-10
grid   3625  14951    367.76    0.00080    0.00080    0.00002   2.78e-06  -1.70e-09
grid   3625  19935    367.76    0.00193    0.00193    0.00002   1.93e-06   0.00e+00
grid   4833      0    367.76    0.00031    0.00031    0.00001  -1.40e-06   1.51e-09
grid   4833   4984    367.76    0.00026    0.00026    0.00001   2.06e-06   2.83e-09
grid   4833   9968    367.76    0.00010    0.00010    0.00001  -4.79e-05   1.51e-09
grid   4833  14951    367.76    0.00085    0.00085    0.00002   7.17e-07  -5.66e-10
grid   4833  19935    367.76    0.00205    0.00205    0.00002   1.88e-06   3.02e-09
SCP    2416   9967    867.76    0.00024    0.00024    0.00001  -4.82e-05  -4.53e-09
grid      0      0    867.76    0.00078    0.00078    0.00001   8.89e-07  -5.66e-10
grid      0   4984    867.76    0.00064    0.00064    0.00001  -5.01e-07   1.51e-09
grid      0   9968    867.76    0.00022    0.00022    0.00001  -4.49e-05  -3.77e-10
grid      0  14951    867.76    0.00188    0.00188    0.00002  -9.43e-07  -3.77e-10
grid      0  19935    867.76    0.00439    0.00439    0.00002   1.88e-06   3.21e-09
grid   1208      0    867.76    0.00080    0.00080    0.00001   1.29e-06  -1.89e-10
grid   1208   4984    867.76    0.00066    0.00066    0.00001   8.45e-07   4.34e-09
grid   1208   9968    867.76    0.00023    0.00023    0.00001  -4.74e-05   5.66e-10
grid   1208  14951    867.76    0.00194    0.00193    0.00002   1.34e-07  -2.07e-09
grid   1208  19935    867.76    0.00451    0.00451    0.00002  -8.53e-07  -3.77e-10
grid   2416      0    867.76    0.00082    0.00082    0.00001  -1.53e-06  -1.89e-10
grid   2416   4984    867.76    0.00068    0.00068    0.00001  -8.60e-07   1.13e-09
grid   2416   9968    867.76    0.00024    0.00024    0.00001  -4.86e-05   1.13e-09
grid   2416  14951    867.76    0.00199    0.00199    0.00002  -1.98e-06  -2.64e-09
grid   2416  19935    867.76    0.00463    0.00463    0.00003   3.99e-06   9.43e-10
grid   3625      0    867.76    0.00084    0.00084    0.00001   1.29e-06   0.00e+00
grid   3625   4984    867.76    0.00069    0.00069    0.00001   1.11e-06   3.21e-09
grid   3625   9968    867.76    0.00025    0.00025    0.00001  -4.74e-05  -1.32e-09
grid   3625  14951    867.76    0.00204    0.00204    0.00002  -3.15e-07  -9.43e-10
grid   3625  19935    867.76    0.00475    0.00475    0.00003   3.32e-06   3.96e-09
grid   4833      0    867.76    0.00086    0.00086    0.00001   1.65e-06  -1.13e-09
grid   4833   4984    867.76    0.00071    0.00070    0.00001   5.31e-07   2.64e-09
grid   4833   9968    867.76    0.00026    0.00026    0.00001  -4.95e-05   3.77e-10
grid   4833  14951    867.76    0.00210    0.00210    0.00002   4.93e-07  -2.26e-09
grid   4833  19935    867.76    0.00487    0.00487    0.00003   4.49e-08   2.45e-09

isce3 0.26.0-dev+2919e1c97 vs sarkit 1.12.0: n=52  |d| max=0.00487 m  median=0.00068 m  (max = 0.0079 px at 0.6171875 m)
isce3 round trip: max|dline|=4.95e-05  max|dsample|=6.04e-09
isce3 SCP anchor: rdr2geo - SCP_ECF = 0.03233 m; geo2rdr(SCP_ECF) residual (lines, samples) = [0.02994151981874893, 0.00011904330176548683]
sarkit SCP anchor: scene_to_image(SCP_ECF) xrow,ycol = [7.347211961589419e-05, -0.03241485088172106] m
RESULT: PASS (tolerance 0.01 m)
